XXXX 2019 11 11 10 52  46.11  44.5400    4.6500   1.0 4.9 4.9 000001
event name:      000001
time shift:      0.2100
half duration:   0.7000
latitude:       44.5400
longitude:       4.6500
depth:           1.0000
Mrr:       1.900526e+23
Mtt:      -9.824619e+22
Mpp:      -9.180644e+22
Mrt:       1.315012e+23
Mrp:       9.699166e+22
Mtp:      -9.641272e+22
